0.088579 
0.030405 
0.739150 
0.915916 
0.724899 
0.788591 
0.649067 
0.143411 
0.943722 
0.653438 
0.426152 
0.495029 
0.227939 
0.072710 
0.037227 
0.511558 
0.325654 
0.486856 
0.244053 
0.562611 
0.046901 
0.322069 
0.130368 
0.074851 
0.221785 
0.109252 
0.811413 
0.564345 
0.874170 
0.767121 
0.012156 
0.755124 
0.800527 
0.557794 
0.726577 
0.126805 
0.348583 
0.878282 
0.995118 
0.317604 
0.205826 
0.726142 
0.820106 
0.994280 
0.013202 
0.775683 
0.480624 
0.950986 
0.931158 
0.591486 
0.145021 
0.162763 
0.754676 
0.611251 
0.102577 
0.074663 
0.821425 
0.974991 
0.510554 
0.263708 
0.110163 
0.879063 
0.172955 
0.007348 
0.969585 
0.492382 
0.974956 
0.188606 
0.189612 
0.508641 
0.873117 
0.821748 
0.419489 
0.872400 
0.935159 
0.691737 
0.689891 
0.851336 
0.557063 
0.999959 
0.517077 
0.596129 
0.116890 
0.651109 
0.842425 
0.630204 
0.304372 
0.408676 
0.567561 
0.701819 
0.537532 
0.123178 
0.906776 
0.242992 
0.521573 
0.274890 
0.164853 
0.853222 
0.004191 
0.603071 
